100000598
100001350
100001002
100000624
100001231
100000246
100000328
100001049
100001055
100000507
100000310
100000997
100000172
100001100
100000794
100000091
100000565
100000992
100000797
100000692
100001075
100001191
100001351
100001377
100000302
100000993
100000074
100001584
100001630
100000013
100000454
100000899
100000124
100001087
100001264
100001555
100000716
100000378
100000590
100001467
100000298
100001578
100000791
100000540
100000075
100000978
100000038
100001279
100000524
100000541
100001659
100000123
100001553
100000096
100000490
100001061
100001018
100001608
100000656
100000727
100001300
100001195
100001566
100000007
100001376
100000143
100000214
100000339
100001189
100001237
100000985
100000223
100000408
100001397
100000036
100000269
100001146
100000076
100000203
100000547
100000544
100000965
100000833
100000061
100000605
100001022
100000306
100001329
100001430
100001334
100001520
100000125
100000060
100000600
100000089
100000931
100000058
100000714
100001439
100000607
100001532
100000455
100000417
100000766
100000406
100001198
100001518
100001088
100000370
100001273
100000012
100000903
100001171
100001436
100001504
100001276
100000390
100001529
100001214
100001674
100000649
100001302
100001453
100001554
100000866
100000368
100001465
100000047
100001174
100001282
100000912
100001011
100000350
100000180
100000100
100000650
100001116
100001611
100001261
100001030
100000826
100001560
100000896
100001395
100001077
100001424
100000337
100000536
100000732
100001112
100000282
100000763
100000682
100000868
100000769
100001114
100001454
100001614
100001164
100000248
100001485
100001364
100000765
100001050
100000183
100001346
100001089
100001205
100000230
100001387
100000090
100000777
100000192
100000460
100000908
100000348
100001577
100001131
100001065
100001105
100000795
100001356
100000668
100001253
100000356
100000915
100001031
100000440
100000935
100001615
100000424
100001629
100000395
100000995
100000890
100000165
100000700
100000753
100000839
100000221
100001646
100001228
100001316
100001060
100001386
100000262
100001378
100001085
100000545
100001479
100000451
100000631
100000206
100000476
100001177
100000449
100000106
100000549
100000532
100000014
100000980
100000358
100000974
100000675
100001393
100000292
100000966
100001190
100001533
100000446
100001200
100001215
100000853
100001107
100000824
100000568
100000509
100001556
100001458
100000464
100000153
100000443
100001650
100001202
100001078
100000483
100001144
100000044
100000069
100000642
100001008
100001207
100001013
100000644
100000087
100001248
100001042
100001488
100000597
100000447
100001449
100000909
100000855
100001489
100000604
100001563
100000657
100001101
100000897
100000595
100001381
100000043
100000488
100000382
100001372
100000602
100001010
100000486
100000037
100001635
100000336
100000611
100001442
100001633
100001059
100001262
100000275
100000412
100001331
100001115
100000865
100001106
100001083
100000609
100001546
100001076
100000620
100000673
100000240
100001550
100001592
100000438
100000658
100000571
100001025
100000519
100000505
100000278
100000764
100001269
100000396
100001582
100001503
100000971
100001494
100000838
100000267
100001552
100000166
100001524
100000959
100000535
100000232
100000885
100000285
100001437
100001579
100001048
100000469
100001294
100000053
100000307
100000630
100000008
100000689
100000745
100001391
100001603
100000437
100000780
100000373
100001667
100000319
100000775
100000713
100000163
100001435
100000856
100000884
100000388
100000556
100000690
100000759
100000614
100000164
100000293
100001664
100001280
100000948
100001631
100000277
100000989
100000617
100001199
100000374
100000891
100000291
100001266
100000694
100000683
100000118
100000812
100001517
100000035
100000612
100000220
100000468
100000103
100000342
100001323
100000564
100000024
100000039
100001616
100001580
100001285
100000448
100000323
100000940
100000237
100001373
100000957
100000610
100001012
100001605
100000182
100000599
100000479
100000707
100000189
100001477
100001388
100000969
100000137
100000362
100001304
100001537
100000500
100001052
100000413
100000316
100000402
100000553
100000787
100001507
100000366
100001126
100000546
100000066
100001591
100001380
100000594
100000892
100000722
100001058
100000684
100001486
100001468
100001219
100000581
100001130
100000750
100000357
100001343
100001238
100001208
100001426
100001288
100000561
100001461
100000739
100000403
100000678
100000279
100001531
100000517
100000619
100000416
100000895
100000314
100001162
100000001
100000653
100001484
100000506
100001305
100001462
100000531
100000758
100001006
100000996
100001284
100001545
100001656
100000104
100000296
100001401
100000983
100001496
100000723
100000867
100001526
100001669
100000020
100001648
100001527
100001272
100000441
100000498
100000936
100000409
100001568
100000062
100000508
100000752
100001601
100001217
100000213
100000332
100001661
100000391
100001574
100000584
100001499
100000188
100000577
100001382
100001179
100001543
100001121
100000910
100000054
100001333
100000394
100000580
100001044
100000748
100001665
100001516
100001072
100001421
100001670
100001607
100000070
100000786
100000573
100001149
100000586
100001129
100000078
100001241
100001433
100000031
100001384
100000513
100000837
100000257
100001623
100000497
100000283
100001278
100001594
100001252
100000664
100001153
100000222
100000470
100001148
100000171
100000073
100000338
100000245
100001095
100001409
100000501
100001027
100000371
100001620
100001035
100000492
100000485
100000159
100000315
100000210
100000742
100000018
100000170
100000502
100000145
100000596
100000770
100000514
100000852
100001136
100000698
100001257
100000329
100000392
100001295
100000032
100000677
100001143
100000005
100001359
100000772
100001455
100000799
100001169
100001593
100000174
100000608
100000369
100000943
100001512
100000789
100000181
100000964
100000211
100000932
100001034
100001406
100000768
100000022
100001267
100001125
100001320
100001203
100000228
100000466
100001306
100000579
100000414
100001530
100001539
100001576
100000141
100000740
100000463
100001523
100000666
100000832
100001124
100001315
100001609
100001281
100001330
100000811
100000575
100000846
100000281
100000110
100000719
100000718
100001370
100001064
100000518
100000405
100000705
100000981
100001521
100001547
100000542
100001123
100001226
100001096
100000814
100001569
100000901
100001161
100001680
100001444
100001178
100001595
100000168
100001081
100001344
100000831
100001000
100001309
100000029
100001551
100000593
100001037
100000082
100001057
100000034
100001167
100001500
100000477
100000984
100000667
100001534
100000822
100000109
100000823
100001625
100000341
100001211
100001498
100001585
100001172
100001184
100001561
100001066
100000558
100001448
100001289
100000175
100000647
100000227
100000874
100000422
100001135
100000924
100000641
100001389
100000496
100000516
100001259
100001492
100000774
100001599
100001150
100000574
100001469
100000515
100001222
100000255
100000970
100000881
100000669
100000236
100001139
100000167
100001313
100000290
100000785
100000327
100001396
100001451
100000779
100000583
100001283
100000676
100001483
100000756
100000870
100000818
100000102
100000954
100001293
100000081
100000491
100000010
100000434
100000084
100000335
100000418
100000229
100001286
100001068
100000092
100000834
100001166
100000946
100000433
100001141
100000793
100001327
100000741
100001028
100000256
100000534
100001036
100000660
100001473
100001357
100001173
100000097
100001318
100001413
100001156
100001247
100000260
100000138
100000218
100000355
100001271
100001354
100001612
100000397
100000021
100000902
100001242
100000798
100000887
100000825
100000407
100000030
100001015
100000015
100001427
100000633
100000712
100000585
100001138
100000562
100001165
100001069
100001487
100000987
100001324
100001482
100000208
100000068
100001366
100000289
100000247
100001651
100000621
100001639
100000423
100001145
100000734
100001641
100001634
100000231
100001019
100000921
100000735
100000570
100000529
100000415
100000301
100000041
100001419
100001051
100000107
100000040
100000200
100000655
100001353
100000559
100000086
100000726
100000588
100001056
100000461
100000079
100000942
100000816
100001678
100001104
100000778
100000550
100001053
100000432
100000776
100001163
100001446
100001175
100001475
100001224
100000411
100001233
100000129
100001637
100000636
100001040
100001638
100000400
100000889
100000503
100001223
100000627
100000401
100000782
100001490
100000099
100000920
100000393
100000202
100000235
100000051
100000152
100000450
100001360
100000193
100001587
100000160
100000737
100001598
100000569
100001632
100000459
100001428
100001371
100000560
100000880
100000578
100001158
100000876
100001120
100001510
100000645
100000351
100000877
100000179
100000274
100000802
100000157
100001308
100001299
100000201
100001618
100000242
100001660
100000499
100000603
100000117
100001597
100001536
100000857
100001654
100001668
100000462
100000905
100001287
100000023
100001117
100000686
100001589
100000671
100000883
100001004
100001021
100001054
100000842
100001565
100000674
100000268
100000840
100001478
100000805
100001310
100001093
100000807
100001244
100000178
100001312
100000919
100000632
100000967
100000918
100000555
100000207
100001256
100000886
100000173
100000288
100001653
100000042
100000343
100000480
100000528
100000530
100001221
100001481
100000827
100000473
100000158
100000808
100000680
100000523
100000472
100001452
100000132
100001420
100000904
100000313
100000615
100001588
100001292
100000951
100001332
100000049
100000961
100000243
100000721
100000046
100001540
100001240
100000320
100000297
100000828
100001032
100001225
100001063
100001493
100000939
100001450
100000333
100000537
100000056
100000265
100000567
100001157
100000311
100001522
100000259
100000426
100001501
100000697
100001336
100000271
100001405
100000471
100000639
100001147
100000945
100001416
100001186
100001082
100001463
100000851
100000197
100000538
100000648
100000522
100000761
100000430
100000976
100001103
100000324
100000063
100000340
100000253
100000882
100001340
100001134
100000065
100000860
100001402
100000803
100000955
100001470
100000844
100001621
100000819
100000216
100000933
100000956
100000622
100001094
100000085
100001128
100000809
100000127
100001111
100001209
100001392
100001206
100000695
100001220
100000185
100000930
100000746
100000800
100000474
100000055
100000045
100001400
100001194
100001666
100000453
100000057
100000638
100000209
100000095
100001627
100000266
100000643
100001407
100001197
100001441
100000651
100001497
100000511
100000551
100000465
100000652
100000747
100001399
100001047
100000212
100001133
100001567
100000554
100000962
100001383
100000134
100000708
100000762
100001443
100000635
100001640
100001108
100000456
100001508
100000419
100000869
100000693
100001188
100000801
100000467
100001658
100000093
100001636
100000711
100001024
100001007
100001368
100000587
100001234
100001140
100000871
100001239
100001677
100001673
100000224
100000662
100000489
100000146
100000616
100000359
100000482
100001644
100000926
100001243
100000318
100000749
100001345
100000376
100001041
100000894
100000331
100000637
100001671
100000272
100001277
100001672
100000629
100000019
100001505
100001369
100000861
100001472
100001431
100000326
100000386
100000375
100001176
100000736
100000990
100000151
100000783
100000728
100001086
100000361
100000893
100000843
100000986
100000309
100000991
100001196
100000672
100001187
100000399
100001275
100000670
100001212
100000133
100000898
100001600
100000196
100000431
100000270
100000771
100000994
100001298
100000854
100000841
100000458
100000187
100000925
100001159
100000264
100000280
100000927
100000191
100001509
100000744
100001155
100000975
100000017
100000941
100000410
100000606
100000300
100001590
100000543
100000626
100000244
100001362
100000428
100001170
100000121
100001137
100001119
100000349
100000527
100001003
100001201
100000186
100001193
100000317
100000154
100001183
100000743
100000873
100000968
100001438
100000162
100001602
100000190
100000623
100000050
100001417
100000345
100001246
100001290
100001542
100001268
100000944
100001026
100000923
100001074
100000875
100000850
100000821
100001091
100001548
100000284
100000773
100000305
100001258
100001596
100001102
100000252
100001033
100001466
100000263
100001265
100000136
100001180
100000219
100000730
100000119
100001459
100001613
100001341
100000733
100000806
100000205
100000059
100001249
100001374
100001109
100000566
100000849
100001342
100001339
100001642
100000618
100000475
100000198
100000258
100000907
100000525
100000249
100000998
100000380
100001005
100001020
100001255
100001558
100001038
100000217
100000071
100000724
100001394
100001014
100000241
100001398
100001080
100000052
100000510
100000972
100000999
100001506
100001039
100000150
100000009
100001113
100000004
100000325
100000334
100001254
100000592
100001325
100000900
100001610
100001355
100001628
100001084
100001375
100001023
100001168
100000929
100001185
100001570
100000878
100001385
100000704
100001017
100001429
100000239
100000215
100000308
100001235
100000425
100001314
100000261
100000094
100000754
100001322
100001062
100000161
100000953
100000520
100000322
100000312
100000681
100001564
100001474
100000484
100000003
100001456
100000195
100001619
100000234
100000613
100000659
100000420
100000120
100001557
100000625
100000429
100001009
100001213
100001229
100001160
100000139
100001408
100000199
100000988
100000088
100001204
100000142
100000273
100000504
100000028
100000582
100000820
100000755
100000105
100000864
100000457
100000130
100001352
100000033
100000938
100001581
100001118
100000330
100000372
100000016
100000963
100001297
100001604
100000304
100000533
100001001
100001245
100000445
100000354
100000346
100000702
100000717
100001379
100000848
100001251
100000077
100000661
100000952
100000557
100001491
100000563
100001414
100000233
100001079
100001649
100001270
100001291
100001326
100001363
100000387
100001464
100000114
100001218
100001571
100000696
100001365
100001471
100000521
100000539
100001622
100001586
100000710
100000691
100001511
100000131
100001434
100001655
100000958
100000144
100000149
100000344
100001347
100001432
100000379
100000439
100001403
100001073
100001411
100001675
100000126
100001679
100000115
100001090
100000751
100001676
100001349
100000113
100001029
100000922
100000303
100000937
100000977
100000177
100000790
100000276
100000147
100000452
100000829
100000960
100000250
100000122
100001559
100000294
100000640
100001541
100000830
100000083
100000363
100000111
100001127
100001335
100001348
100001122
100000436
100001480
100001662
100000628
100000810
100001098
100001404
100001071
100000916
100000184
100000384
100000767
100000026
100000701
100000495
100000796
100000112
100000950
100000914
100000427
100001440
100000817
100000601
100000365
100000512
100000404
100001328
100000128
100001606
100000847
100000025
100000048
100000715
100001447
100000238
100001016
100000225
100001575
100000067
100000389
100001232
100000286
100001307
100001067
100000859
100000360
100000591
100000435
100000481
100000913
100001216
100001460
100000634
100000845
100001390
100000072
100001422
100001274
100000148
100000699
100001311
100000494
100000364
100001263
100001151
100000098
100000552
100000947
100000116
100001337
100000176
100000788
100000287
100000646
100000135
100001046
100000321
100001230
100001097
100000385
100000080
100000663
100000906
100000194
100000383
100001645
100001092
100000687
100000169
100000299
100000888
100001423
100001099
100000917
100001415
100001154
100000487
100001361
100001260
100000781
100001182
100000973
100000347
100000879
100001513
100000493
100000156
100000011
100000108
100001624
100000934
100000295
100000155
100000478
100001535
100000352
100001519
100000792
100000377
100000911
100001525
100000526
100001502
100000421
100001236
100000027
100000398
100000589
100000703
100000442
100001573
100001643
100001132
100000548
100000064
100000572
100001562
100000002
100001192
100001425
100000204
100000381
100001476
100000254
100000251
100000226
100000353
100000731
100000576
100000709
100000444
100001549
100001652
100000784
100000665
100000367
100001303
100000725
100001538
100000101
100000949
100001657
100001544
100001367
100001250
100000140
100001412
100000757
100001514
100000835
100000720
