100000004
100001009
100001594
100001423
100001651
100001135
100000798
100001416
100000715
100001505
100001257
100001125
100001409
100001164
100000956
100001599
100000909
100000961
100001099
100000840
100001190
100001529
100000975
100001292
100001272
100000850
100001170
100001465
100000800
100001666
100001130
100000905
100000669
100000848
100001113
100001024
100001577
100000723
100000878
100001137
100001360
100001252
100001672
100001462
100000629
100000833
100001559
100001282
100001262
100001356
100001041
100001361
100001477
100001052
100001103
100001092
100000994
100000894
100001000
100000794
100000700
100000907
100000657
100001471
100000708
100000866
100001526
100001506
100001383
100001136
100000681
100000736
100001636
100001008
100001390
100000717
100000676
100001584
100001521
100001097
100001468
100001600
100000934
100001100
100001066
100000927
100001085
100001645
100000009
100001112
100000756
100001105
100001649
100001239
100000947
100001254
100000645
100000694
100000880
100001028
100001660
100001277
100001051
100000753
100001255
100000906
100001158
100001371
100000650
100000924
100001655
100000003
100000728
100001138
100001175
100001555
100000851
100001624
100001449
100001375
100000782
100001225
100001310
100001180
100000904
100001197
100001067
100001595
100000783
100000750
100001057
100001337
100001344
100001333
100001268
100001089
100001662
100001470
100001095
100001064
100001156
100001667
100001124
100000720
100001133
100001396
100001269
100001146
100001340
100001474
100000865
100001267
100001339
100001550
100000010
100000646
100000861
100001561
100001430
100001426
100001050
100001431
100001401
100001194
100000962
100000727
100001084
100001331
100001030
100000698
100000824
100000949
100000726
100001353
100000648
100001208
100000879
100000875
100001420
100001139
100000622
100001419
100001001
100001379
100000769
100001466
100001443
100001476
100001119
100000959
100001565
100001179
100001641
100001556
100000995
100001259
100000931
100000011
100001597
100001031
100000876
100001250
100001072
100001068
100000809
100000631
100001265
100000005
100001104
100001359
100001496
100001446
100000984
100001646
100001328
100001376
100000841
100001354
100001357
100000998
100001246
100001079
100001169
100000915
100000871
100001201
100001519
100000929
100001205
100001479
100001433
100000968
100000632
100001579
100000627
100000649
100000884
100000689
100001355
100000707
100001329
100000898
100001191
100001612
100000779
100001014
100000697
100000802
100001316
100001568
100001677
100000901
100000678
100000932
100001623
100000784
100001622
100001656
100001023
100001131
100001407
100000704
100000691
100000658
100000941
100001475
100000967
100001318
100001172
100001005
100001510
100001428
100001013
100001233
100000792
100001523
100001399
100001657
100001098
100000765
100001603
100001388
100001602
100000965
100001658
100001621
100001022
100000647
100001592
100000829
100001381
100000680
100001274
100001173
100000761
100001037
100000762
100001198
100001134
100001441
100001509
100001159
100000874
100001061
100000684
100000775
100001456
100000745
100001202
100001049
100000969
100001380
100001633
100001444
100000856
100001488
100001276
100000893
100001467
100001019
100000922
100000877
100001053
100001369
100000837
100000963
100001427
100001162
100001273
100001229
100000828
100000978
100000933
100000926
100001157
100001524
100001593
100001514
100000737
100001675
100001145
100001452
100000977
100000754
100000973
100000999
100001469
100000763
100001370
100001004
100000661
100001497
100000713
100001165
100001404
100001610
100001665
100001116
100001391
100001192
100000743
100001365
100000957
100001106
100001406
100000838
100001166
100001270
100000733
100001271
100001034
100001438
100000816
100001090
100001489
100000811
100001635
100001325
100001581
100001461
100000920
100001632
100001560
100001109
100001650
100001094
100001574
100001548
100001007
100001366
100001320
100000636
100001625
100001557
100000997
100000972
100001121
100001586
100000796
100001314
100000776
100000921
100000687
100000722
100001326
100001349
100001481
100001203
100001275
100001502
100000925
100001058
100000672
100001654
100001322
100001298
100001283
100000988
100000785
100001299
100001486
100001093
100001266
100000637
100001611
100001504
100001478
100001237
100000987
100001678
100001021
100001129
100001219
100001126
100001324
100000839
100001127
100001575
100000976
100000985
100001439
100000854
100001392
100000903
100001055
100001614
100000867
100001374
100001587
100001012
100000900
100001516
100001347
100000673
100001627
100000986
100000789
100001236
100001490
100000656
100001258
100000823
100001644
100001608
100001182
100000795
100001186
100001220
100000919
100001671
100000774
100000768
100000944
100001243
100001372
100001176
100001393
100000664
100000896
100000670
100001232
100001288
100001434
100000662
100000711
100001607
100001648
100001078
100000902
100001669
100000887
100000937
100001385
100001188
100001284
100001668
100000820
100001234
100001605
100000744
100000911
100001384
100001027
100001448
100001026
100001460
100001042
100000653
100001540
100000652
100001351
100001308
100001664
100001065
100000899
100001088
100001287
100000814
100001148
100001630
100000719
100000640
100000668
100001435
100000826
100001535
100000993
100001195
100001362
100001494
100001652
100001408
100000849
100000953
100001531
100001330
100001341
100000945
100001493
100001676
100001132
100000718
100000950
100001253
100001598
100000693
100001639
100001177
100000936
100001609
100001464
100000746
100000788
100000930
100000844
100000730
100001373
100001542
100000917
100001387
100001248
100000742
100001101
100000790
100000955
100000974
100001429
100001346
100001117
100001659
100000883
100001056
100000832
100000721
100000696
100001017
100000773
100000990
100001492
100000703
100001003
100001223
100001168
100000778
100001442
100001422
100000831
100000981
100000732
100001537
100000682
100000958
100000938
100001323
100000675
100000807
100001348
100000888
100000857
100001086
100001551
100001245
100000770
100001226
100001140
100001637
100000870
100000971
100001670
100001046
100001386
100000895
100000757
100001200
100001503
100001279
100001060
100001582
100001511
100001039
100001549
100001153
100001613
100001256
100001231
100001377
100001544
100000842
100001297
100001075
100001059
100001483
100001500
100001044
100001463
100001525
100001508
100000803
100001367
100001278
100001580
100000812
100000630
100001576
100001305
100001247
100000780
100000970
100000835
100000940
100000943
100000918
100001111
100001680
100001512
100000873
100000641
100000827
100001345
100001242
100001241
100001571
100000852
100001616
100000777
100001653
100000709
100001570
100001453
100001087
100001185
100001199
100001412
100000869
100001218
100000766
100000749
100001120
100001204
100000667
100001032
100001184
100001424
100001459
100000942
100001606
100001413
100000948
100001304
100000799
100000724
100001562
100001144
100001286
100000787
100001171
100001077
100000725
100001564
100001293
100000991
100001048
100001281
100001224
100001507
100000960
100000690
100000651
100000699
100001554
100001451
100000946
100001150
100001196
100000767
100001209
100001382
100001063
100001221
100001306
100001538
100001174
100001115
100001498
100001363
100000810
100001673
100001309
100001517
100000772
100000786
100001123
100001620
100000692
100001482
100001332
100001082
100001294
100000885
100001303
100001080
100001114
100001118
100001020
100000741
100001015
100001545
100001425
100001285
100001546
100001547
100001033
100001421
100001518
100001091
100000825
100001216
100001215
100001163
100001073
100001047
100000818
100001295
100001155
100001543
100001071
100001491
100001167
100000886
100001513
100001311
100001618
100001522
100001436
100001643
100001405
100001532
100000739
100000821
100001437
100001334
100001211
100001484
100001447
100001264
100001629
100001634
100000966
100001291
100001160
100001235
100000952
100000659
100001289
100001539
100001590
100000674
100000764
100001011
100001149
100001018
100000755
100000983
100001499
100001038
100000912
100001083
100001527
100001440
100001025
100000847
100001411
100001588
100000923
100000882
100001290
100001335
100000817
100001378
100001432
100000701
100000735
100001679
100001249
100001183
100001589
100000665
100000859
100001230
100001074
100000910
100000758
100001454
100000845
100001143
100001536
100001312
100001395
100001403
100001207
100001016
100001187
100000805
100001141
100000914
100001228
100001541
100001458
100000644
100001238
100001631
100000891
100001327
100001161
100001036
100000008
100001553
100001096
100000992
100000830
100001585
100001336
100001122
100000806
100001189
100000868
100001213
100001402
100001280
100000860
100000980
100001389
100000846
100001487
100000822
100001604
100001674
100001567
100000892
100001040
100001076
100001615
100001261
100001263
100000751
100001352
100000634
100001002
100000642
100000890
100001638
100000705
100001251
100001315
100001640
100000916
100001472
100001343
100001601
100001244
100001569
100001342
100001307
100001081
100000791
100001415
100001364
100000660
100000913
100001563
100001534
100000964
100001530
100000740
100001573
100001102
100001029
100001591
100000771
100000834
100001214
100001596
100001222
100001642
100001578
100001417
100000734
100001107
100000881
100001010
100001394
100000808
100000007
100000747
100001240
100001154
100001217
100001193
100000759
100001108
100001212
100000935
100000635
100001069
100001062
100001035
100000797
100001628
100001178
100001661
100000801
100000954
100000781
100001619
100000989
100001260
100000889
100000864
100000819
100001128
100000853
100001206
100001455
100001006
100001533
100001450
100000716
100000677
100000712
100000710
100001397
100000748
100000793
100001368
100000714
100001398
100000001
100001473
100001501
100001414
100001302
100001054
100000683
100000655
100001300
100000996
100001147
100001151
100000951
100001552
100001520
100001400
100001566
100000939
100000897
100000855
100001350
100000638
100000663
100001485
100000731
100000002
100001480
100001313
100001558
100000843
